30
19127001
123456
Trinh Van Minh
0
2001 05 01
19APCS1
1

19127002
20010502
Nguyen Van 2
0
2001 05 02
19APCS1
1

19127003
20010503
Nguyen Van 3
0
2001 05 03
19APCS1
1

19127004
20010504
Nguyen Van 4
0
2001 05 04
19APCS1
1

19127005
20010505
Nguyen Van 5
0
2001 05 05
19APCS1
1

19127006
20010506
Nguyen Van 6
0
2001 05 06
19APCS1
1

19127007
20010507
Nguyen Van 7
1
2001 05 07
19APCS1
1

19127008
20010508
Nguyen Van 8
1
2001 05 08
19APCS1
1

19127009
20010509
Nguyen Van 9
1
2001 05 09
19APCS1
1

19127010
20010510
Nguyen Van 10
1
2001 05 10
19APCS1
1

19127388
123456
Bui Nguyen Nhat Hao
0
2001 05 27
19APCS2
1

19127389
20010202
Tran Tuan 1
0
2001 02 02
19APCS2
1

19127390
20010203
Tran Tuan 2
0
2001 02 03
19APCS2
1

19127391
20010204
Tran Tuan 3
0
2001 02 04
19APCS2
1

19127392
20010205
Tran Tuan 4
0
2001 02 05
19APCS2
1

19127393
20010206
Tran Tuan 5
0
2001 02 06
19APCS2
1

19127394
20010207
Tran Tuan 6
1
2001 02 07
19APCS2
1

19127395
20010208
Tran Tuan 7
1
2001 02 08
19APCS2
1

19127396
20010209
Tran Tuan 8
1
2001 02 09
19APCS2
1

19127397
20010210
Tran Tuan 9
1
2001 02 10
19APCS2
1

19127450
20010601
Le Vu Anh Duy
0
2001 06 01
19CLC10
1

19127451
20010602
Nguyen Huy Anh Thu
0
2001 06 02
19CLC10
1

19127452
20010603
Phan Van Long
0
2001 06 03
19CLC10
1

19127453
20010604
Nguyen Nam Anh
0
2001 06 04
19CLC10
1

19127454
20010605
Le Van 4
0
2001 06 05
19CLC10
1

19127455
20010606
Le Van 5
0
2001 06 06
19CLC10
1

19127456
20010607
Le Van 6
1
2001 06 07
19CLC10
1

19127457
20010608
Le Van 7
1
2001 06 08
19CLC10
1

19127458
20010609
Le Van 8
1
2001 06 09
19CLC10
1

19127459
20010610
Le Van 9
1
2001 06 10
19CLC10
1

