10
19127001
20010501
Trinh Van Minh
0
2001 05 01
19APCS1
1

19127002
20010502
Nguyen Van 2
0
2001 05 02
19APCS1
1

19127003
20010503
Nguyen Van 3
0
2001 05 03
19APCS1
1

19127004
20010504
Nguyen Van 4
0
2001 05 04
19APCS1
1

19127005
20010505
Nguyen Van 5
0
2001 05 05
19APCS1
1

19127006
20010506
Nguyen Van 6
0
2001 05 06
19APCS1
1

19127007
20010507
Nguyen Van 7
1
2001 05 07
19APCS1
1

19127008
20010508
Nguyen Van 8
1
2001 05 08
19APCS1
1

19127009
20010509
Nguyen Van 9
1
2001 05 09
19APCS1
1

19127010
20010510
Nguyen Van 10
1
2001 05 10
19APCS1
1

