10
19127001
20200401
Trinh Van Minh
0
2020 04 01
19APCS2
1

19127002
20200402
Nguyen Van 2
0
2020 04 02
19APCS2
1

19127003
20200403
Nguyen Van 3
0
2020 04 03
19APCS2
1

19127004
20200404
Nguyen Van 4
0
2020 04 04
19APCS2
1

19127005
20200405
Nguyen Van 5
0
2020 04 05
19APCS2
1

19127006
20200406
Nguyen Van 6
0
2020 04 06
19APCS2
1

19127007
20200407
Nguyen Van 7
0
2020 04 07
19APCS2
1

19127008
20200408
Nguyen Van 8
0
2020 04 08
19APCS2
1

19127009
20200409
Nguyen Van 9
0
2020 04 09
19APCS2
1

19127010
20200410
Nguyen Van 10
1
2020 04 10
19APCS2
1

