5
19126001
20010401
Trinh Van Minh 123
0
2001 05 01
19APCS1
9.5
9.5
9.5
9.5
2020 04 01 13 30 17 30 -1
2020 04 08 13 30 17 30 -1
2020 04 15 13 30 17 30 -1
2020 04 22 13 30 17 30 -1
2020 04 29 13 30 17 30 -1
2020 05 06 13 30 17 30 -1
2020 05 13 13 30 17 30 -1
2020 05 20 13 30 17 30 -1
2020 05 27 13 30 17 30 -1
2020 06 03 13 30 17 30 -1
1

19127001
20200401
Nguyen Van 1
1
2020 04 01
19APCS1
9.5
9.5
9.5
9.5
2020 04 01 13 30 17 30 -1
2020 04 08 13 30 17 30 -1
2020 04 15 13 30 17 30 -1
2020 04 22 13 30 17 30 -1
2020 04 29 13 30 17 30 -1
2020 05 06 13 30 17 30 -1
2020 05 13 13 30 17 30 -1
2020 05 20 13 30 17 30 -1
2020 05 27 13 30 17 30 -1
2020 06 03 13 30 17 30 -1
0

19127002
20200402
Nguyen Van 2
1
2020 04 02
19APCS1
9.5
9.5
9.5
9.5
2020 04 01 13 30 17 30 -1
2020 04 08 13 30 17 30 -1
2020 04 15 13 30 17 30 -1
2020 04 22 13 30 17 30 -1
2020 04 29 13 30 17 30 -1
2020 05 06 13 30 17 30 -1
2020 05 13 13 30 17 30 -1
2020 05 20 13 30 17 30 -1
2020 05 27 13 30 17 30 -1
2020 06 03 13 30 17 30 -1
1

18127100
20200402
Thang Nguyen
1
2020 04 02
19APCS1
9.5
9.5
9.5
9.5
2020 04 01 13 30 17 30 -1
2020 04 08 13 30 17 30 -1
2020 04 15 13 30 17 30 -1
2020 04 22 13 30 17 30 -1
2020 04 29 13 30 17 30 -1
2020 05 06 13 30 17 30 -1
2020 05 13 13 30 17 30 -1
2020 05 20 13 30 17 30 -1
2020 05 27 13 30 17 30 -1
2020 06 03 13 30 17 30 -1
1

19127388
20010527
Bui Nguyen Nhat Cuong
0
2010 10 09
19APCS1
9.5
9.5
9.5
9.5
2020 04 01 13 30 17 30 -1
2020 04 08 13 30 17 30 -1
2020 04 15 13 30 17 30 -1
2020 04 22 13 30 17 30 -1
2020 04 29 13 30 17 30 -1
2020 05 06 13 30 17 30 -1
2020 05 13 13 30 17 30 -1
2020 05 20 13 30 17 30 -1
2020 05 27 13 30 17 30 -1
2020 06 03 13 30 17 30 -1
1

