10
19127450
20010601
Le Vu Anh Duy
0
2001 06 01
19CLC10
-1
-1
-1
-1
2020 05 09 7 30 11 30 -1
2020 05 16 7 30 11 30 -1
2020 05 23 7 30 11 30 -1
2020 05 30 7 30 11 30 -1
2020 06 06 7 30 11 30 -1
2020 06 13 7 30 11 30 -1
2020 06 20 7 30 11 30 -1
2020 06 27 7 30 11 30 -1
2020 07 04 7 30 11 30 -1
2020 07 11 7 30 11 30 -1
1

19127451
20010602
Nguyen Huy Anh Thu
0
2001 06 02
19CLC10
-1
-1
-1
-1
2020 05 09 7 30 11 30 -1
2020 05 16 7 30 11 30 -1
2020 05 23 7 30 11 30 -1
2020 05 30 7 30 11 30 -1
2020 06 06 7 30 11 30 -1
2020 06 13 7 30 11 30 -1
2020 06 20 7 30 11 30 -1
2020 06 27 7 30 11 30 -1
2020 07 04 7 30 11 30 -1
2020 07 11 7 30 11 30 -1
1

19127452
20010603
Phan Van Long
0
2001 06 03
19CLC10
-1
-1
-1
-1
2020 05 09 7 30 11 30 -1
2020 05 16 7 30 11 30 -1
2020 05 23 7 30 11 30 -1
2020 05 30 7 30 11 30 -1
2020 06 06 7 30 11 30 -1
2020 06 13 7 30 11 30 -1
2020 06 20 7 30 11 30 -1
2020 06 27 7 30 11 30 -1
2020 07 04 7 30 11 30 -1
2020 07 11 7 30 11 30 -1
1

19127453
20010604
Nguyen Nam Anh
0
2001 06 04
19CLC10
-1
-1
-1
-1
2020 05 09 7 30 11 30 -1
2020 05 16 7 30 11 30 -1
2020 05 23 7 30 11 30 -1
2020 05 30 7 30 11 30 -1
2020 06 06 7 30 11 30 -1
2020 06 13 7 30 11 30 -1
2020 06 20 7 30 11 30 -1
2020 06 27 7 30 11 30 -1
2020 07 04 7 30 11 30 -1
2020 07 11 7 30 11 30 -1
1

19127454
20010605
Le Van 4
0
2001 06 05
19CLC10
-1
-1
-1
-1
2020 05 09 7 30 11 30 -1
2020 05 16 7 30 11 30 -1
2020 05 23 7 30 11 30 -1
2020 05 30 7 30 11 30 -1
2020 06 06 7 30 11 30 -1
2020 06 13 7 30 11 30 -1
2020 06 20 7 30 11 30 -1
2020 06 27 7 30 11 30 -1
2020 07 04 7 30 11 30 -1
2020 07 11 7 30 11 30 -1
1

19127455
20010606
Le Van 5
0
2001 06 06
19CLC10
-1
-1
-1
-1
2020 05 09 7 30 11 30 -1
2020 05 16 7 30 11 30 -1
2020 05 23 7 30 11 30 -1
2020 05 30 7 30 11 30 -1
2020 06 06 7 30 11 30 -1
2020 06 13 7 30 11 30 -1
2020 06 20 7 30 11 30 -1
2020 06 27 7 30 11 30 -1
2020 07 04 7 30 11 30 -1
2020 07 11 7 30 11 30 -1
1

19127456
20010607
Le Van 6
1
2001 06 07
19CLC10
-1
-1
-1
-1
2020 05 09 7 30 11 30 -1
2020 05 16 7 30 11 30 -1
2020 05 23 7 30 11 30 -1
2020 05 30 7 30 11 30 -1
2020 06 06 7 30 11 30 -1
2020 06 13 7 30 11 30 -1
2020 06 20 7 30 11 30 -1
2020 06 27 7 30 11 30 -1
2020 07 04 7 30 11 30 -1
2020 07 11 7 30 11 30 -1
1

19127457
20010608
Le Van 7
1
2001 06 08
19CLC10
-1
-1
-1
-1
2020 05 09 7 30 11 30 -1
2020 05 16 7 30 11 30 -1
2020 05 23 7 30 11 30 -1
2020 05 30 7 30 11 30 -1
2020 06 06 7 30 11 30 -1
2020 06 13 7 30 11 30 -1
2020 06 20 7 30 11 30 -1
2020 06 27 7 30 11 30 -1
2020 07 04 7 30 11 30 -1
2020 07 11 7 30 11 30 -1
1

19127458
20010609
Le Van 8
1
2001 06 09
19CLC10
-1
-1
-1
-1
2020 05 09 7 30 11 30 -1
2020 05 16 7 30 11 30 -1
2020 05 23 7 30 11 30 -1
2020 05 30 7 30 11 30 -1
2020 06 06 7 30 11 30 -1
2020 06 13 7 30 11 30 -1
2020 06 20 7 30 11 30 -1
2020 06 27 7 30 11 30 -1
2020 07 04 7 30 11 30 -1
2020 07 11 7 30 11 30 -1
1

19127459
20010610
Le Van 9
1
2001 06 10
19CLC10
-1
-1
-1
-1
2020 05 09 7 30 11 30 -1
2020 05 16 7 30 11 30 -1
2020 05 23 7 30 11 30 -1
2020 05 30 7 30 11 30 -1
2020 06 06 7 30 11 30 -1
2020 06 13 7 30 11 30 -1
2020 06 20 7 30 11 30 -1
2020 06 27 7 30 11 30 -1
2020 07 04 7 30 11 30 -1
2020 07 11 7 30 11 30 -1
1

