3
19127388
20010527
Bui Nguyen Nhat Hao
0
2001 05 27
19APCS1
9
8
5
6
2020 04 06 13 30 17 30 1
2020 04 13 13 30 17 30 1
2020 04 20 13 30 17 30 1
2020 04 27 13 30 17 30 1
2020 05 04 13 30 17 30 1
2020 05 11 13 30 17 30 1
2020 05 18 13 30 17 30 1
2020 05 25 13 30 17 30 -1
2020 06 01 13 30 17 30 -1
2020 06 08 13 30 17 30 -1
1

19127389
20010527
Bui Nguyen Nhat Ha
0
2001 05 27
19APCS1
9
9
8
3
2020 04 06 13 30 17 30 1
2020 04 13 13 30 17 30 1
2020 04 20 13 30 17 30 1
2020 04 27 13 30 17 30 1
2020 05 04 13 30 17 30 1
2020 05 11 13 30 17 30 1
2020 05 18 13 30 17 30 1
2020 05 25 13 30 17 30 1
2020 06 01 13 30 17 30 -1
2020 06 08 13 30 17 30 -1
0

19126001
20010401
Trinh Van Minh
0
2001 04 01
19APCS1
3
4
7
2.3
2020 04 06 13 30 17 30 0
2020 04 13 13 30 17 30 0
2020 04 20 13 30 17 30 1
2020 04 27 13 30 17 30 1
2020 05 04 13 30 17 30 0
2020 05 11 13 30 17 30 -1
2020 05 18 13 30 17 30 -1
2020 05 25 13 30 17 30 -1
2020 06 01 13 30 17 30 -1
2020 06 08 13 30 17 30 -1
0

