10
19127388
20010527
Bui Nguyen Nhat Hao
0
2001 05 27
19APCS2
-1
-1
-1
-1
2020 05 09 7 30 11 30 -1
2020 05 16 7 30 11 30 -1
2020 05 23 7 30 11 30 -1
2020 05 30 7 30 11 30 -1
2020 06 06 7 30 11 30 -1
2020 06 13 7 30 11 30 -1
2020 06 20 7 30 11 30 -1
2020 06 27 7 30 11 30 -1
2020 07 04 7 30 11 30 -1
2020 07 11 7 30 11 30 -1
1

19127389
20010202
Tran Tuan 1
0
2001 02 02
19APCS2
-1
-1
-1
-1
2020 05 09 7 30 11 30 -1
2020 05 16 7 30 11 30 -1
2020 05 23 7 30 11 30 -1
2020 05 30 7 30 11 30 -1
2020 06 06 7 30 11 30 -1
2020 06 13 7 30 11 30 -1
2020 06 20 7 30 11 30 -1
2020 06 27 7 30 11 30 -1
2020 07 04 7 30 11 30 -1
2020 07 11 7 30 11 30 -1
1

19127390
20010203
Tran Tuan 2
0
2001 02 03
19APCS2
-1
-1
-1
-1
2020 05 09 7 30 11 30 -1
2020 05 16 7 30 11 30 -1
2020 05 23 7 30 11 30 -1
2020 05 30 7 30 11 30 -1
2020 06 06 7 30 11 30 -1
2020 06 13 7 30 11 30 -1
2020 06 20 7 30 11 30 -1
2020 06 27 7 30 11 30 -1
2020 07 04 7 30 11 30 -1
2020 07 11 7 30 11 30 -1
1

19127391
20010204
Tran Tuan 3
0
2001 02 04
19APCS2
-1
-1
-1
-1
2020 05 09 7 30 11 30 -1
2020 05 16 7 30 11 30 -1
2020 05 23 7 30 11 30 -1
2020 05 30 7 30 11 30 -1
2020 06 06 7 30 11 30 -1
2020 06 13 7 30 11 30 -1
2020 06 20 7 30 11 30 -1
2020 06 27 7 30 11 30 -1
2020 07 04 7 30 11 30 -1
2020 07 11 7 30 11 30 -1
1

19127392
20010205
Tran Tuan 4
0
2001 02 05
19APCS2
-1
-1
-1
-1
2020 05 09 7 30 11 30 -1
2020 05 16 7 30 11 30 -1
2020 05 23 7 30 11 30 -1
2020 05 30 7 30 11 30 -1
2020 06 06 7 30 11 30 -1
2020 06 13 7 30 11 30 -1
2020 06 20 7 30 11 30 -1
2020 06 27 7 30 11 30 -1
2020 07 04 7 30 11 30 -1
2020 07 11 7 30 11 30 -1
1

19127393
20010206
Tran Tuan 5
0
2001 02 06
19APCS2
-1
-1
-1
-1
2020 05 09 7 30 11 30 -1
2020 05 16 7 30 11 30 -1
2020 05 23 7 30 11 30 -1
2020 05 30 7 30 11 30 -1
2020 06 06 7 30 11 30 -1
2020 06 13 7 30 11 30 -1
2020 06 20 7 30 11 30 -1
2020 06 27 7 30 11 30 -1
2020 07 04 7 30 11 30 -1
2020 07 11 7 30 11 30 -1
1

19127394
20010207
Tran Tuan 6
1
2001 02 07
19APCS2
-1
-1
-1
-1
2020 05 09 7 30 11 30 -1
2020 05 16 7 30 11 30 -1
2020 05 23 7 30 11 30 -1
2020 05 30 7 30 11 30 -1
2020 06 06 7 30 11 30 -1
2020 06 13 7 30 11 30 -1
2020 06 20 7 30 11 30 -1
2020 06 27 7 30 11 30 -1
2020 07 04 7 30 11 30 -1
2020 07 11 7 30 11 30 -1
1

19127395
20010208
Tran Tuan 7
1
2001 02 08
19APCS2
-1
-1
-1
-1
2020 05 09 7 30 11 30 -1
2020 05 16 7 30 11 30 -1
2020 05 23 7 30 11 30 -1
2020 05 30 7 30 11 30 -1
2020 06 06 7 30 11 30 -1
2020 06 13 7 30 11 30 -1
2020 06 20 7 30 11 30 -1
2020 06 27 7 30 11 30 -1
2020 07 04 7 30 11 30 -1
2020 07 11 7 30 11 30 -1
1

19127396
20010209
Tran Tuan 8
1
2001 02 09
19APCS2
-1
-1
-1
-1
2020 05 09 7 30 11 30 -1
2020 05 16 7 30 11 30 -1
2020 05 23 7 30 11 30 -1
2020 05 30 7 30 11 30 -1
2020 06 06 7 30 11 30 -1
2020 06 13 7 30 11 30 -1
2020 06 20 7 30 11 30 -1
2020 06 27 7 30 11 30 -1
2020 07 04 7 30 11 30 -1
2020 07 11 7 30 11 30 -1
1

19127397
20010210
Tran Tuan 9
1
2001 02 10
19APCS2
-1
-1
-1
-1
2020 05 09 7 30 11 30 -1
2020 05 16 7 30 11 30 -1
2020 05 23 7 30 11 30 -1
2020 05 30 7 30 11 30 -1
2020 06 06 7 30 11 30 -1
2020 06 13 7 30 11 30 -1
2020 06 20 7 30 11 30 -1
2020 06 27 7 30 11 30 -1
2020 07 04 7 30 11 30 -1
2020 07 11 7 30 11 30 -1
1

