3
19127388
20010527
Bui Nguyen Nhat Hao
0
2001 05 27
19APCS1
9
8
5
6
2020 10 05 13 30 17 30 1
2020 10 12 13 30 17 30 1
2020 10 19 13 30 17 30 1
2020 10 26 13 30 17 30 1
2020 11 02 13 30 17 30 1
2020 11 09 13 30 17 30 1
2020 11 16 13 30 17 30 1
2020 11 23 13 30 17 30 -1
2020 11 30 13 30 17 30 -1
2020 12 07 13 30 17 30 -1
1

19127389
20010527
Bui Nguyen Nhat Ha
0
2001 05 27
19APCS1
9
9
8
3
2020 10 05 13 30 17 30 1
2020 10 12 13 30 17 30 1
2020 10 19 13 30 17 30 1
2020 10 26 13 30 17 30 1
2020 11 02 13 30 17 30 1
2020 11 09 13 30 17 30 1
2020 11 16 13 30 17 30 1
2020 11 23 13 30 17 30 1
2020 11 30 13 30 17 30 -1
2020 12 07 13 30 17 30 -1
0

19126001
20010401
Trinh Van Minh
0
2001 04 01
19APCS1
3
4
7
2.3
2020 10 05 13 30 17 30 0
2020 10 12 13 30 17 30 0
2020 10 19 13 30 17 30 1
2020 10 26 13 30 17 30 1
2020 11 02 13 30 17 30 0
2020 11 09 13 30 17 30 -1
2020 11 16 13 30 17 30 -1
2020 11 23 13 30 17 30 -1
2020 11 30 13 30 17 30 -1
2020 12 07 13 30 17 30 -1
0

