5
19126001
20010401
Trinh Van Minh
0
2001 04 01
19APCS1
-1
-1
-1
-1
2020 00 00 7 30 11 30 -1
2020 00 07 7 30 11 30 -1
2020 00 14 7 30 11 30 -1
2020 00 21 7 30 11 30 -1
2020 00 28 7 30 11 30 -1
2020 00 35 7 30 11 30 -1
2020 00 42 7 30 11 30 -1
2020 00 49 7 30 11 30 -1
2020 00 56 7 30 11 30 -1
2020 00 63 7 30 11 30 -1
1

19128001
20200401
Trinh Van Minh
0
2001 05 01
19APCS1
-1
-1
-1
-1
2020 00 00 7 30 11 30 -1
2020 00 07 7 30 11 30 -1
2020 01 06 7 30 11 30 -1
2020 01 13 7 30 11 30 -1
2020 01 20 7 30 11 30 -1
2020 01 27 7 30 11 30 -1
2020 02 03 7 30 11 30 -1
2020 02 10 7 30 11 30 -1
2020 02 17 7 30 11 30 -1
2020 02 24 7 30 11 30 -1
1

19127002
20200402
Nguyen Van 2
0
2020 04 02
19APCS1
-1
-1
-1
-1
2020 00 00 7 30 11 30 -1
2020 00 07 7 30 11 30 -1
2020 01 06 7 30 11 30 -1
2020 01 13 7 30 11 30 -1
2020 01 20 7 30 11 30 -1
2020 01 27 7 30 11 30 -1
2020 02 03 7 30 11 30 -1
2020 02 10 7 30 11 30 -1
2020 02 17 7 30 11 30 -1
2020 02 24 7 30 11 30 -1
1

19127002
20010401
Do Vuong Phuc hoi Nhieu
0
2001 04 01
19APCS1
-1
-1
-1
-1
2020 00 00 7 30 11 30 -1
2020 00 07 7 30 11 30 -1
2020 01 06 7 30 11 30 -1
2020 01 13 7 30 11 30 -1
2020 01 20 7 30 11 30 -1
2020 01 27 7 30 11 30 -1
2020 02 03 7 30 11 30 -1
2020 02 10 7 30 11 30 -1
2020 02 17 7 30 11 30 -1
2020 02 24 7 30 11 30 -1
0

19127388
20010527
Bui Nguyen Nhat Hao
0
2001 05 27
19APCS1
-1
-1
-1
-1
2020 00 00 7 30 11 30 -1
2020 00 07 7 30 11 30 -1
2020 01 06 7 30 11 30 -1
2020 01 13 7 30 11 30 -1
2020 01 20 7 30 11 30 -1
2020 01 27 7 30 11 30 -1
2020 02 03 7 30 11 30 -1
2020 02 10 7 30 11 30 -1
2020 02 17 7 30 11 30 -1
2020 02 24 7 30 11 30 -1
1

