5
19126001
20010401
Trinh Van Minh
0
2001 04 01
19APCS1
-1
-1
-1
-1
2020 05 27 7 30 11 30 -1
2020 06 03 7 30 11 30 -1
2020 06 10 7 30 11 30 -1
2020 06 17 7 30 11 30 -1
2020 06 24 7 30 11 30 -1
2020 07 01 7 30 11 30 -1
2020 07 08 7 30 11 30 -1
2020 07 15 7 30 11 30 -1
2020 07 22 7 30 11 30 -1
2020 07 29 7 30 11 30 -1
1

19128001
20200401
Trinh Van Minh
0
2001 05 01
19APCS1
-1
-1
-1
-1
2020 05 27 7 30 11 30 -1
2020 06 03 7 30 11 30 -1
2020 06 10 7 30 11 30 -1
2020 06 17 7 30 11 30 -1
2020 06 24 7 30 11 30 -1
2020 07 01 7 30 11 30 -1
2020 07 08 7 30 11 30 -1
2020 07 15 7 30 11 30 -1
2020 07 22 7 30 11 30 -1
2020 07 29 7 30 11 30 -1
1

19127002
20200402
Nguyen Van 2
0
2020 04 02
19APCS1
-1
-1
-1
-1
2020 05 27 7 30 11 30 -1
2020 06 03 7 30 11 30 -1
2020 06 10 7 30 11 30 -1
2020 06 17 7 30 11 30 -1
2020 06 24 7 30 11 30 -1
2020 07 01 7 30 11 30 -1
2020 07 08 7 30 11 30 -1
2020 07 15 7 30 11 30 -1
2020 07 22 7 30 11 30 -1
2020 07 29 7 30 11 30 -1
1

19127002
20010401
Do Vuong Phuc hoi Nhieu
0
2001 04 01
19APCS1
-1
-1
-1
-1
2020 05 27 7 30 11 30 -1
2020 06 03 7 30 11 30 -1
2020 06 10 7 30 11 30 -1
2020 06 17 7 30 11 30 -1
2020 06 24 7 30 11 30 -1
2020 07 01 7 30 11 30 -1
2020 07 08 7 30 11 30 -1
2020 07 15 7 30 11 30 -1
2020 07 22 7 30 11 30 -1
2020 07 29 7 30 11 30 -1
0

19127388
20010527
Bui Nguyen Nhat Hao
0
2001 05 27
19APCS1
-1
-1
-1
-1
2020 05 27 7 30 11 30 -1
2020 06 03 7 30 11 30 -1
2020 06 10 7 30 11 30 -1
2020 06 17 7 30 11 30 -1
2020 06 24 7 30 11 30 -1
2020 07 01 7 30 11 30 -1
2020 07 08 7 30 11 30 -1
2020 07 15 7 30 11 30 -1
2020 07 22 7 30 11 30 -1
2020 07 29 7 30 11 30 -1
1

